line
200 400 0 400 400 0
line
200 400 0 200 400 400
line
200 400 0 200 200 0
line
400 400 0 400 200 0
line
400 400 0 400 400 400
line
200 400 400 400 400 400
line
200 200 0 400 200 0
line
200 200 0 200 200 400
line
400 200 0 400 200 400
line
200 200 400 400 200 400
line
200 400 400 200 200 400
line
400 400 400 400 200 400
line
400 325 50 400 325 100
line
400 325 50 400 350 50
line
400 350 50 400 350 100
line
400 350 100 400 325 100
line
400 325 350 400 325 300
line
400 325 300 400 350 300
line
400 350 300 400 350 350
line
400 350 350 400 325 350
line
400 250 100 400 275 100
line
400 275 100 400 275 300
line
400 275 300 400 250 300
line
400 250 300 400 250 100
rotate
y 20
rotate
z 20
rotate
x 20
apply
display
save
pic.png
